,ChampID,Pick Count,BP1,BP2_3,BP4_5,RP1_2,RP3,RP4,RP5,bp1wr,bp23wr,bp45wr,rp12wr,rp3wr,rp4wr,rp5wr
0,0,48,0,0,15,0,0,9,24,0.0,0.0,60.0,0.0,0.0,11.111,45.833
1,1,298,25,77,53,55,50,25,13,40.0,67.532,56.604,56.364,38.0,52.0,53.846
2,2,78,0,4,28,5,14,9,18,0.0,75.0,53.571,20.0,42.857,11.111,50.0
3,3,1,0,0,0,0,0,0,1,0.0,0.0,0.0,0.0,0.0,0.0,100.0
4,4,75,0,15,15,0,13,14,18,0.0,46.667,60.0,0.0,38.462,35.714,55.556
5,5,83,0,36,11,3,18,8,7,0.0,55.556,45.455,33.333,33.333,37.5,42.857
6,6,2,0,0,2,0,0,0,0,0.0,0.0,50.0,0.0,0.0,0.0,0.0
7,7,337,44,89,19,130,26,19,10,54.545,51.685,63.158,39.231,50.0,36.842,60.0
8,8,39,0,8,7,3,7,9,5,0.0,75.0,85.714,33.333,42.857,44.444,60.0
9,9,251,43,52,31,63,19,27,16,53.488,63.462,35.484,39.683,47.368,40.741,37.5
10,10,16,0,1,5,0,4,1,5,0.0,0.0,60.0,0.0,50.0,100.0,40.0
11,11,10,1,3,3,1,0,0,2,0.0,66.667,100.0,0.0,0.0,0.0,0.0
12,12,9,0,0,3,0,0,2,4,0.0,0.0,33.333,0.0,0.0,50.0,100.0
13,13,1,0,0,1,0,0,0,0,0.0,0.0,100.0,0.0,0.0,0.0,0.0
14,14,98,0,7,30,1,19,16,25,0.0,71.429,53.333,0.0,42.105,43.75,36.0
15,15,3,0,0,1,0,0,2,0,0.0,0.0,0.0,0.0,0.0,50.0,0.0
16,16,56,0,1,25,1,6,4,19,0.0,0.0,52.0,0.0,66.667,50.0,26.316
17,17,1,0,1,0,0,0,0,0,0.0,100.0,0.0,0.0,0.0,0.0,0.0
18,18,132,24,23,20,28,13,13,11,58.333,56.522,65.0,42.857,30.769,46.154,45.455
19,19,3,0,0,2,0,0,1,0,0.0,0.0,100.0,0.0,0.0,0.0,0.0
20,20,21,0,5,6,1,3,6,0,0.0,60.0,66.667,0.0,100.0,50.0,0.0
21,21,1,0,0,1,0,0,0,0,0.0,0.0,100.0,0.0,0.0,0.0,0.0
22,22,68,2,25,2,23,11,5,0,100.0,52.0,100.0,47.826,36.364,60.0,0.0
23,23,2,0,0,0,0,0,0,2,0.0,0.0,0.0,0.0,0.0,0.0,100.0
24,24,141,12,34,12,46,13,18,6,41.667,58.824,58.333,34.783,46.154,33.333,50.0
25,25,61,1,8,30,4,2,5,11,100.0,37.5,50.0,25.0,50.0,40.0,36.364
26,26,66,0,6,25,4,7,8,16,0.0,33.333,56.0,75.0,42.857,37.5,56.25
27,27,195,8,47,53,16,27,19,25,50.0,61.702,69.811,50.0,44.444,36.842,40.0
28,28,412,30,80,100,93,34,51,24,40.0,60.0,55.0,48.387,44.118,43.137,37.5
29,29,95,0,7,46,1,4,16,21,0.0,42.857,65.217,100.0,25.0,37.5,42.857
30,30,23,0,4,9,4,0,2,4,0.0,50.0,33.333,50.0,0.0,50.0,25.0
31,31,304,21,55,82,31,30,45,40,57.143,49.091,64.634,38.71,40.0,37.778,47.5
32,32,10,0,0,4,0,0,1,5,0.0,0.0,75.0,0.0,0.0,100.0,40.0
33,33,24,0,5,7,0,3,1,8,0.0,60.0,71.429,0.0,100.0,0.0,50.0
34,34,1,0,0,0,1,0,0,0,0.0,0.0,0.0,0.0,0.0,0.0,0.0
35,35,28,3,1,6,4,4,5,5,33.333,100.0,33.333,50.0,25.0,20.0,20.0
36,36,93,2,14,19,4,16,6,32,50.0,64.286,52.632,75.0,37.5,50.0,50.0
37,37,19,0,2,1,0,2,2,12,0.0,50.0,0.0,0.0,50.0,50.0,83.333
38,38,3,0,0,1,0,0,1,1,0.0,0.0,100.0,0.0,0.0,0.0,0.0
39,39,157,4,50,23,41,25,7,7,25.0,48.0,39.13,41.463,52.0,28.571,57.143
40,40,38,0,15,6,9,5,3,0,0.0,73.333,33.333,55.556,40.0,0.0,0.0
41,41,209,71,37,6,84,8,3,0,52.113,62.162,33.333,45.238,25.0,66.667,0.0
42,42,38,0,5,4,7,11,4,7,0.0,60.0,25.0,57.143,36.364,25.0,14.286
43,43,3,0,1,1,0,0,0,1,0.0,100.0,100.0,0.0,0.0,0.0,0.0
44,44,2,0,0,0,0,1,0,1,0.0,0.0,0.0,0.0,0.0,0.0,0.0
45,45,64,0,5,17,0,9,6,27,0.0,40.0,58.824,0.0,33.333,33.333,40.741
46,46,1,0,0,1,0,0,0,0,0.0,0.0,100.0,0.0,0.0,0.0,0.0
47,47,35,0,3,16,1,3,4,8,0.0,33.333,25.0,0.0,66.667,75.0,37.5
48,48,7,0,1,2,0,0,3,1,0.0,100.0,50.0,0.0,0.0,66.667,0.0
49,49,8,0,0,2,0,1,0,5,0.0,0.0,50.0,0.0,100.0,0.0,40.0
50,50,2,0,0,1,0,0,1,0,0.0,0.0,100.0,0.0,0.0,0.0,0.0
51,51,18,0,4,1,6,4,3,0,0.0,50.0,100.0,50.0,0.0,33.333,0.0
52,52,73,2,11,21,1,11,12,15,50.0,72.727,47.619,100.0,54.545,25.0,46.667
53,53,197,9,35,43,64,13,26,7,44.444,65.714,44.186,37.5,53.846,50.0,42.857
54,54,84,0,6,46,1,8,10,13,0.0,83.333,67.391,0.0,37.5,50.0,46.154
55,55,15,0,2,7,5,1,0,0,0.0,0.0,71.429,60.0,0.0,0.0,0.0
56,56,130,1,21,40,11,15,14,28,100.0,57.143,50.0,63.636,40.0,35.714,50.0
57,57,137,51,27,7,45,2,5,0,45.098,77.778,57.143,40.0,50.0,60.0,0.0
58,58,137,0,45,22,24,25,5,16,0.0,55.556,54.545,41.667,32.0,40.0,50.0
59,59,12,0,4,2,2,0,1,3,0.0,75.0,50.0,0.0,0.0,0.0,66.667
60,60,17,0,1,6,0,0,0,10,0.0,0.0,83.333,0.0,0.0,0.0,30.0
61,61,7,0,1,3,0,0,1,2,0.0,0.0,66.667,0.0,0.0,100.0,50.0
62,62,132,0,72,7,23,25,1,4,0.0,55.556,57.143,34.783,44.0,0.0,75.0
63,63,3,0,0,1,0,0,0,2,0.0,0.0,100.0,0.0,0.0,0.0,50.0
64,64,286,2,91,63,35,44,34,17,100.0,50.549,52.381,42.857,34.091,50.0,47.059
65,65,1,0,0,1,0,0,0,0,0.0,0.0,0.0,0.0,0.0,0.0,0.0
66,66,10,2,2,0,4,1,0,1,50.0,0.0,0.0,50.0,0.0,0.0,100.0
67,67,4,0,2,0,0,1,0,1,0.0,0.0,0.0,0.0,100.0,0.0,0.0
68,68,32,4,8,12,3,1,2,2,75.0,75.0,41.667,66.667,100.0,50.0,50.0
69,69,11,0,0,1,0,1,3,6,0.0,0.0,100.0,0.0,100.0,0.0,50.0
70,70,38,0,1,13,0,6,9,9,0.0,100.0,61.538,0.0,33.333,22.222,33.333
71,71,121,2,8,54,10,5,24,18,50.0,75.0,51.852,30.0,60.0,58.333,38.889
72,72,14,0,4,2,3,0,3,2,0.0,75.0,50.0,100.0,0.0,33.333,0.0
73,73,188,34,43,20,55,13,20,3,64.706,51.163,90.0,47.273,46.154,65.0,33.333
74,74,28,0,2,7,1,3,4,11,0.0,0.0,57.143,0.0,33.333,100.0,45.455
75,75,6,0,0,3,0,0,0,3,0.0,0.0,66.667,0.0,0.0,0.0,0.0
76,76,148,1,22,55,6,10,33,21,100.0,40.909,60.0,66.667,50.0,42.424,42.857
77,77,10,0,2,4,1,1,1,1,0.0,50.0,50.0,100.0,0.0,100.0,0.0
78,78,16,0,1,6,0,1,2,6,0.0,0.0,16.667,0.0,100.0,50.0,50.0
79,79,243,30,64,30,61,28,17,13,66.667,67.188,63.333,45.902,53.571,35.294,61.538
80,80,36,0,8,9,3,3,6,7,0.0,62.5,55.556,33.333,66.667,50.0,42.857
81,81,3,0,0,0,0,0,0,3,0.0,0.0,0.0,0.0,0.0,0.0,33.333
82,82,7,0,1,3,1,1,0,1,0.0,100.0,100.0,0.0,100.0,0.0,0.0
83,83,60,1,9,19,8,5,11,7,0.0,44.444,52.632,37.5,40.0,36.364,14.286
84,84,15,0,2,6,0,3,0,4,0.0,100.0,66.667,0.0,33.333,0.0,100.0
85,85,202,0,17,83,13,17,35,37,0.0,47.059,55.422,38.462,35.294,37.143,45.946
86,86,153,34,31,10,60,11,5,2,47.059,58.065,70.0,41.667,63.636,40.0,50.0
87,87,68,14,8,7,15,12,7,5,35.714,62.5,57.143,53.333,58.333,42.857,20.0
88,88,15,0,0,7,0,0,3,5,0.0,0.0,57.143,0.0,0.0,66.667,60.0
89,89,1,0,0,1,0,0,0,0,0.0,0.0,100.0,0.0,0.0,0.0,0.0
90,90,24,0,4,8,0,0,2,10,0.0,50.0,37.5,0.0,0.0,0.0,40.0
91,91,5,0,2,0,0,1,1,1,0.0,100.0,0.0,0.0,100.0,0.0,0.0
92,92,25,0,1,17,1,1,3,2,0.0,0.0,58.824,100.0,0.0,0.0,50.0
93,93,175,29,49,11,56,27,3,0,79.31,61.224,72.727,48.214,66.667,33.333,0.0
94,94,19,0,3,3,1,3,4,5,0.0,66.667,66.667,0.0,33.333,50.0,60.0
95,95,4,0,2,0,0,0,2,0,0.0,0.0,0.0,0.0,0.0,100.0,0.0
96,96,3,0,0,2,0,0,0,1,0.0,0.0,100.0,0.0,0.0,0.0,0.0
97,97,105,1,8,39,8,15,18,16,100.0,62.5,61.538,25.0,53.333,50.0,50.0
98,98,231,43,43,47,37,29,19,13,67.442,60.465,78.723,45.946,48.276,47.368,38.462
99,99,8,0,1,3,0,0,2,2,0.0,0.0,66.667,0.0,0.0,50.0,0.0
100,100,232,5,69,35,52,36,14,21,60.0,43.478,60.0,53.846,44.444,57.143,28.571
101,101,218,46,38,26,56,18,20,14,47.826,57.895,61.538,48.214,50.0,45.0,42.857
102,102,4,0,0,2,0,0,1,1,0.0,0.0,0.0,0.0,0.0,0.0,100.0
103,103,7,0,1,3,0,0,1,2,0.0,0.0,33.333,0.0,0.0,0.0,0.0
104,104,17,0,2,8,0,3,2,2,0.0,50.0,62.5,0.0,33.333,0.0,0.0
105,105,16,0,2,6,3,1,1,3,0.0,50.0,50.0,0.0,100.0,0.0,33.333
106,106,185,2,63,32,27,18,25,18,50.0,55.556,53.125,22.222,33.333,56.0,27.778
107,107,5,0,0,1,0,1,0,3,0.0,0.0,100.0,0.0,0.0,0.0,33.333
108,108,33,3,1,19,3,0,4,3,33.333,0.0,57.895,33.333,0.0,75.0,33.333
109,109,46,0,13,5,11,15,0,2,0.0,61.538,20.0,9.091,40.0,0.0,0.0
110,110,6,0,1,0,1,1,2,1,0.0,0.0,0.0,100.0,100.0,50.0,0.0
111,111,5,0,3,0,2,0,0,0,0.0,0.0,0.0,0.0,0.0,0.0,0.0
112,112,3,0,0,2,0,0,0,1,0.0,0.0,50.0,0.0,0.0,0.0,0.0
113,113,6,0,0,2,0,1,2,1,0.0,0.0,50.0,0.0,0.0,50.0,100.0
114,114,18,0,3,9,0,2,3,1,0.0,66.667,33.333,0.0,0.0,33.333,0.0
115,115,101,5,31,15,14,12,20,4,60.0,51.613,66.667,42.857,33.333,45.0,50.0
116,116,415,63,79,52,150,24,32,15,55.556,58.228,48.077,42.0,33.333,37.5,53.333
117,117,76,0,7,30,3,4,17,15,0.0,28.571,40.0,0.0,50.0,35.294,33.333
118,118,10,0,0,4,0,0,1,5,0.0,0.0,50.0,0.0,0.0,100.0,40.0
119,119,55,2,9,16,15,1,7,5,50.0,44.444,43.75,40.0,0.0,42.857,20.0
120,120,404,144,52,16,154,12,21,5,58.333,71.154,43.75,46.753,50.0,47.619,60.0
121,121,50,0,8,14,9,8,7,4,0.0,37.5,50.0,22.222,25.0,57.143,50.0
122,122,134,1,31,41,26,6,23,6,100.0,48.387,63.415,30.769,16.667,60.87,33.333
123,123,17,0,3,4,2,2,2,4,0.0,33.333,75.0,50.0,100.0,50.0,50.0
124,124,39,0,6,13,4,1,6,9,0.0,66.667,53.846,50.0,100.0,50.0,44.444
125,125,147,21,42,15,49,9,4,7,71.429,54.762,53.333,40.816,55.556,50.0,57.143
126,126,3,0,0,2,0,0,0,1,0.0,0.0,100.0,0.0,0.0,0.0,0.0
127,127,1,0,0,1,0,0,0,0,0.0,0.0,0.0,0.0,0.0,0.0,0.0
128,128,279,110,47,6,95,18,2,1,66.364,51.064,83.333,49.474,38.889,50.0,100.0
129,129,1,0,0,0,0,0,0,1,0.0,0.0,0.0,0.0,0.0,0.0,0.0
130,130,12,0,0,3,0,1,0,8,0.0,0.0,66.667,0.0,0.0,0.0,37.5
131,131,36,0,0,18,2,4,4,8,0.0,0.0,38.889,0.0,25.0,50.0,37.5
