,ChampID,Name,Presence,BanCount,PickCount,Winrate
0,1,Aatrox,5.478,5,34,44.118
1,2,Ahri,61.236,242,194,53.608
2,3,Akali,13.202,44,50,44.0
3,4,Akshan,0.281,1,1,100.0
4,5,Alistar,9.831,20,50,46.0
5,6,Amumu,14.607,39,65,46.154
6,7,Anivia,0.14,0,1,0.0
7,8,Aphelios,46.489,67,264,49.621
8,9,Ashe,5.337,8,30,56.667
9,10,Azir,53.511,197,184,46.196
10,11,Bard,3.09,9,13,61.538
11,12,BelVeth,3.652,16,10,50.0
12,13,Blitzcrank,1.124,1,7,85.714
13,14,Brand,0.14,0,1,100.0
14,15,Braum,15.309,34,75,44.0
15,16,Caitlyn,0.562,1,3,33.333
16,17,Camille,8.567,19,42,45.238
17,18,Cassiopeia,0.281,1,1,100.0
18,19,Corki,50.0,225,131,51.145
19,20,Darius,1.124,8,0,0.0
20,21,Diana,6.882,31,18,66.667
21,22,Dr. Mundo,0.14,0,1,100.0
22,23,Draven,16.994,80,41,43.902
23,24,Elise,0.562,2,2,100.0
24,25,Ezreal,29.635,78,133,44.361
25,26,Fiora,22.893,123,40,47.5
26,27,Galio,13.624,52,45,53.333
27,28,Gangplank,61.096,251,184,54.348
28,29,Gnar,72.612,174,343,51.312
29,30,Gragas,13.904,29,70,51.429
30,31,Graves,4.494,13,19,36.842
31,32,Gwen,65.73,254,214,49.065
32,33,Hecarim,1.545,2,9,55.556
33,34,Irelia,6.32,28,17,58.824
34,35,Janna,0.14,0,1,0.0
35,36,Jarvan IV,4.916,22,13,38.462
36,37,Jax,17.697,66,60,48.333
37,38,Jayce,4.494,15,17,70.588
38,39,Jhin,0.843,3,3,33.333
39,40,Jinx,22.893,25,138,44.928
40,41,KaiSa,8.146,20,38,52.632
41,42,Kalista,81.039,392,185,49.189
42,43,Karma,8.848,33,30,43.333
43,44,Karthus,0.702,3,2,50.0
44,45,Kassadin,0.421,1,2,0.0
45,46,Kayle,20.787,84,64,43.75
46,47,Kayn,0.14,0,1,100.0
47,48,Kennen,4.354,9,22,45.455
48,49,KhaZix,0.843,1,5,60.0
49,50,Kindred,4.073,22,7,42.857
50,51,Kled,0.562,2,2,50.0
51,52,KogMaw,2.669,5,14,35.714
52,53,LeBlanc,19.101,92,44,54.545
53,54,Lee Sin,41.011,126,166,49.398
54,55,Leona,8.708,14,48,66.667
55,56,Lillia,2.388,5,12,41.667
56,57,Lissandra,34.691,142,105,51.429
57,58,Lucian,67.275,373,106,48.113
58,59,Lulu,15.59,37,74,47.297
59,60,Miss Fortune,2.247,5,11,54.545
60,61,Mordekaiser,2.669,5,14,50.0
61,62,Morgana,0.421,0,3,66.667
62,63,Nami,14.607,2,102,47.059
63,64,Nasus,0.562,1,3,66.667
64,65,Nautilus,49.438,123,229,45.415
65,66,Neeko,0.281,1,1,0.0
66,67,Nidalee,6.601,41,6,16.667
67,68,Nocturne,6.601,23,24,54.167
68,69,Olaf,1.404,4,6,33.333
69,70,Orianna,6.461,15,31,41.935
70,71,Ornn,20.927,71,78,50.0
71,72,Pantheon,0.14,0,1,0.0
72,73,Poppy,41.152,161,132,57.576
73,74,Pyke,4.073,12,17,52.941
74,75,Qiyana,0.843,1,5,40.0
75,76,Rakan,23.034,60,104,46.154
76,77,RekSai,1.404,5,5,60.0
77,78,Rell,2.949,7,14,42.857
78,79,Renata Glasc,63.624,259,194,56.701
79,80,Renekton,2.528,10,8,25.0
80,81,Riven,0.562,1,3,33.333
81,82,Rumble,1.826,10,3,66.667
82,83,Ryze,8.989,32,32,43.75
83,84,Samira,5.337,27,11,81.818
84,85,Sejuani,32.303,90,140,47.143
85,86,Senna,51.826,228,141,49.645
86,87,Seraphine,24.438,115,59,44.068
87,88,Sett,3.23,12,11,63.636
88,89,Shen,0.281,1,1,100.0
89,90,Shyvana,4.494,13,19,42.105
90,91,Singed,1.124,3,5,60.0
91,92,Sion,3.511,2,23,47.826
92,93,Sivir,10.674,30,46,65.217
93,94,Skarner,2.247,7,9,55.556
94,95,Sona,0.421,0,3,66.667
95,96,Soraka,0.281,0,2,50.0
96,97,Swain,28.933,112,94,53.191
97,98,Sylas,60.112,269,159,61.006
98,99,Syndra,1.966,8,6,50.0
99,100,Tahm Kench,40.59,88,201,50.249
100,101,Taliyah,52.388,215,158,52.532
101,102,Talon,0.843,2,4,25.0
102,103,Taric,0.983,2,5,20.0
103,104,Thresh,2.669,5,14,35.714
104,105,Tristana,1.685,0,12,41.667
105,106,Trundle,32.022,100,128,46.094
106,107,Tryndamere,0.983,2,5,40.0
107,108,Twisted Fate,16.433,85,32,50.0
108,109,Twitch,7.725,22,33,30.303
109,110,Udyr,1.826,7,6,50.0
110,111,Vayne,0.281,0,2,0.0
111,112,Veigar,1.124,2,6,50.0
112,113,Vex,1.264,1,8,12.5
113,114,Vi,11.517,42,40,50.0
114,115,Viego,68.258,131,355,50.141
115,116,Viktor,13.624,31,66,31.818
116,117,Vladimir,4.073,19,10,50.0
117,118,Volibear,13.483,41,55,40.0
118,119,Wukong,84.551,317,285,52.982
119,120,Xayah,8.146,15,43,34.884
120,121,Xin Zhao,18.258,32,98,46.939
121,122,Yasuo,2.528,4,14,57.143
122,123,Yone,9.129,32,33,48.485
123,124,Yuumi,32.022,133,95,57.895
124,125,Zac,0.281,0,2,50.0
125,126,Zed,0.14,0,1,0.0
126,127,Zeri,84.551,437,165,66.667
127,128,Ziggs,0.14,0,1,0.0
128,129,Zilean,2.247,7,9,33.333
129,130,Zoe,6.882,21,28,32.143
