,ChampID,Top,Jungle,Mid,Bot,Support
0,1,33,0,0,0,34
1,2,0,0,0,0,194
2,3,13,0,0,0,50
3,4,1,0,0,0,1
4,5,0,0,0,50,50
5,6,0,0,0,65,65
6,7,1,0,0,0,1
7,8,0,0,264,0,264
8,9,0,0,20,10,30
9,10,2,0,0,0,184
10,11,0,0,0,13,13
11,12,0,10,0,0,10
12,13,0,0,0,7,7
13,14,0,0,0,0,1
14,15,0,0,0,75,75
15,16,0,0,3,0,3
16,17,41,0,0,1,42
17,18,0,0,0,0,1
18,19,0,0,0,0,131
19,20,0,0,0,0,0
20,21,0,18,0,0,18
21,22,0,0,0,1,1
22,23,0,0,41,0,41
23,24,0,2,0,0,2
24,25,0,0,133,0,133
25,26,40,0,0,0,40
26,27,0,0,0,0,45
27,28,183,0,0,0,184
28,29,343,0,0,0,343
29,30,53,4,0,5,70
30,31,2,17,0,0,19
31,32,214,0,0,0,214
32,33,0,9,0,0,9
33,34,17,0,0,0,17
34,35,0,0,0,1,1
35,36,0,12,0,1,13
36,37,60,0,0,0,60
37,38,16,0,0,0,17
38,39,0,0,3,0,3
39,40,0,0,138,0,138
40,41,0,0,38,0,38
41,42,0,0,185,0,185
42,43,0,0,0,29,30
43,44,0,1,1,0,2
44,45,0,0,0,0,2
45,46,64,0,0,0,64
46,47,0,1,0,0,1
47,48,22,0,0,0,22
48,49,0,5,0,0,5
49,50,0,7,0,0,7
50,51,1,0,0,0,2
51,52,0,0,13,0,14
52,53,0,0,0,0,44
53,54,1,164,0,1,166
54,55,0,0,0,48,48
55,56,3,9,0,0,12
56,57,0,0,0,0,105
57,58,0,0,106,0,106
58,59,0,0,0,74,74
59,60,0,0,11,0,11
60,61,13,1,0,0,14
61,62,0,1,0,2,3
62,63,0,0,0,102,102
63,64,3,0,0,0,3
64,65,0,0,1,228,229
65,66,0,0,1,0,1
66,67,0,6,0,0,6
67,68,0,24,0,0,24
68,69,5,1,0,0,6
69,70,0,0,0,0,31
70,71,73,0,0,1,78
71,72,0,0,0,1,1
72,73,1,131,0,0,132
73,74,0,0,0,17,17
74,75,0,5,0,0,5
75,76,0,0,0,104,104
76,77,0,5,0,0,5
77,78,0,0,0,14,14
78,79,0,0,0,194,194
79,80,4,0,0,0,8
80,81,3,0,0,0,3
81,82,2,0,0,1,3
82,83,0,0,0,0,32
83,84,0,0,11,0,11
84,85,130,4,0,5,140
85,86,0,0,132,9,141
86,87,0,0,18,23,59
87,88,2,0,0,7,11
88,89,1,0,0,0,1
89,90,17,1,0,0,19
90,91,1,0,0,4,5
91,92,17,0,3,1,23
92,93,0,0,46,0,46
93,94,0,9,0,0,9
94,95,0,0,0,3,3
95,96,0,0,0,2,2
96,97,3,0,0,1,94
97,98,9,0,0,0,159
98,99,0,0,0,0,6
99,100,0,0,2,199,201
100,101,0,12,0,0,158
101,102,0,4,0,0,4
102,103,0,0,0,5,5
103,104,0,0,0,14,14
104,105,0,0,10,0,12
105,106,0,126,0,2,128
106,107,5,0,0,0,5
107,108,0,0,0,0,32
108,109,0,0,33,0,33
109,110,0,6,0,0,6
110,111,0,0,1,0,2
111,112,0,0,1,0,6
112,113,0,0,0,0,8
113,114,0,40,0,0,40
114,115,0,355,0,0,355
115,116,0,0,0,0,66
116,117,10,0,0,0,10
117,118,0,55,0,0,55
118,119,6,279,0,0,285
119,120,0,0,43,0,43
120,121,0,98,0,0,98
121,122,0,0,2,3,14
122,123,7,0,0,0,33
123,124,0,0,0,95,95
124,125,1,1,0,0,2
125,126,0,1,0,0,1
126,127,1,0,164,0,165
127,128,0,0,0,0,1
128,129,0,0,0,6,9
129,130,0,0,0,0,28
